8 36
24 35 30 27 17 31 19 5 13 14 1 36 15 8 18 25 2 4 29 26 3 23 28 11 6 16 33 7 22 20 10 34 9 32 12 21
25 4 18 8 15 2 11 28 3 29 23 26 12 21 32 9 10 34 20 6 33 16 7 22 36 1 13 5 19 14 31 35 24 30 17 27
7 6 16 22 33 20 21 9 12 10 32 34 13 19 1 5 14 36 31 35 17 30 24 27 4 18 15 25 8 2 29 26 28 23 3 11
5 36 1 19 13 14 27 24 17 31 30 35 3 11 23 28 29 26 2 4 15 18 25 8 34 32 12 9 21 10 20 6 7 16 33 22
28 26 23 11 3 29 8 25 15 2 18 4 33 22 16 7 20 6 10 34 12 32 9 21 35 30 17 24 27 31 14 36 5 1 13 19
9 34 32 21 12 10 22 7 33 20 16 6 17 27 30 24 31 35 14 36 13 1 5 19 26 23 3 28 11 29 2 4 25 18 15 8
30 27 7 6 31 33 34 1 14 12 9 19 2 36 5 18 13 8 17 11 29 24 23 35 22 25 20 16 4 15 3 21 32 28 10 26
1 19 9 34 14 12 6 30 31 33 7 27 29 35 24 23 17 11 13 8 2 5 18 36 21 28 10 32 26 3 15 22 16 25 20 4
23 11 24 35 29 17 36 18 2 13 5 8 20 4 25 16 15 22 3 21 10 28 32 26 27 7 31 30 6 33 12 19 1 9 14 34
32 21 28 26 10 3 4 16 20 15 25 22 31 6 7 30 33 27 12 19 14 9 1 34 11 24 29 23 35 17 13 8 18 5 2 36
16 22 25 4 20 15 26 32 10 3 28 21 14 34 9 1 12 19 33 27 31 7 30 6 8 5 2 18 36 13 17 11 23 24 29 35
18 8 5 36 2 13 35 23 29 17 24 11 10 26 28 32 3 21 15 22 20 25 16 4 19 9 14 1 34 12 33 27 30 7 31 6
20 7 15 16 22 4 32 10 21 26 3 9 19 1 12 14 34 5 6 24 27 33 31 30 25 13 8 2 18 36 35 28 29 17 11 23
14 5 12 1 19 34 30 31 27 6 33 24 11 23 17 29 35 28 36 25 8 13 2 18 9 3 21 10 32 26 4 7 20 15 22 16
2 25 13 18 8 36 23 29 11 35 17 28 21 32 3 10 26 9 4 7 22 15 20 16 5 12 19 14 1 34 6 24 31 33 27 30
10 9 3 32 21 26 16 20 22 4 15 7 27 30 33 31 6 24 34 5 19 12 14 1 28 17 11 29 23 35 36 25 2 13 8 18
29 28 17 23 11 35 18 2 8 36 13 25 22 16 15 20 4 7 26 9 21 3 10 32 24 33 27 31 30 6 34 5 14 12 19 1
31 24 33 30 27 6 1 14 19 34 12 5 8 18 13 2 36 25 35 28 11 17 29 23 7 15 22 20 16 4 26 9 10 3 21 32
21 12 26 10 9 32 20 22 7 16 4 33 24 31 6 27 30 17 1 13 5 34 19 14 3 35 28 11 29 23 18 15 8 36 25 2
8 15 36 2 25 18 29 11 28 23 35 3 9 10 26 21 32 12 16 33 7 4 22 20 13 34 5 19 14 1 30 17 27 6 24 31
22 33 4 20 7 16 10 21 9 32 26 12 5 14 34 19 1 13 30 17 24 6 27 31 15 36 25 8 2 18 23 3 11 35 28 29
27 17 6 31 24 30 14 19 5 1 34 13 25 2 36 8 18 15 23 3 28 35 11 29 33 4 7 22 20 16 32 12 21 26 9 10
19 13 34 14 5 1 31 27 24 30 6 17 28 29 35 11 23 3 18 15 25 36 8 2 12 26 9 21 10 32 16 33 22 4 7 20
11 3 35 29 28 23 2 8 25 18 36 15 7 20 4 22 16 33 32 12 9 26 21 10 17 6 24 27 31 30 1 13 19 34 5 14
17 23 31 24 35 27 5 13 36 19 14 18 4 25 2 15 8 16 11 32 26 29 3 28 30 20 6 33 7 22 21 1 12 10 34 9
15 16 2 25 4 8 28 3 26 11 29 32 34 9 10 12 21 1 22 30 6 20 33 7 18 14 36 13 5 19 27 23 17 31 35 24
3 32 29 28 26 11 25 15 4 8 2 16 6 7 20 33 22 30 21 1 34 10 12 9 23 31 35 17 24 27 19 18 13 14 36 5
12 1 10 9 34 21 7 33 6 22 20 30 35 24 31 17 27 23 19 18 36 14 13 5 32 29 26 3 28 11 8 16 15 2 4 25
13 18 14 5 36 19 24 17 35 27 31 23 26 28 29 3 11 32 8 16 4 2 15 25 1 10 34 12 9 21 22 30 33 20 6 7
33 30 20 7 6 22 9 12 34 21 10 1 36 5 14 13 19 18 27 23 35 31 17 24 16 2 4 15 25 8 11 32 3 29 26 28
34 14 21 12 1 9 33 6 30 7 22 31 23 17 27 35 24 29 5 2 18 19 36 13 10 11 32 26 3 28 25 20 4 8 16 15
36 2 19 13 18 5 17 35 23 24 27 29 32 3 11 26 28 10 25 20 16 8 4 15 14 21 1 34 12 9 7 31 6 22 30 33
26 10 11 3 32 28 15 4 16 25 8 20 30 33 22 6 7 31 9 14 1 21 34 12 29 27 23 35 17 24 5 2 36 19 18 13
6 31 22 33 30 7 12 34 1 9 21 14 18 13 19 36 5 2 24 29 23 27 35 17 20 8 16 4 15 25 28 10 26 11 32 3
4 20 8 15 16 25 3 26 32 28 11 10 1 12 21 34 9 14 7 31 30 22 6 33 2 19 18 36 13 5 24 29 35 27 23 17
35 29 27 17 23 24 13 36 18 5 19 2 16 15 8 4 25 20 28 10 32 11 26 3 31 22 30 6 33 7 9 14 34 21 1 12